1, 128, 192
109, 0, 0
109, 0, 32
109, 0, 64
109, 0, 96
109, 0, 128
109, 0, 160
109, 0, 192
109, 0, 224
109, 0, 256
109, 0, 288
109, 0, 320
109, 0, 352
109, 0, 384
109, 0, 416
109, 0, 448
109, 0, 480
109, 0, 512
109, 0, 544
109, 0, 576
109, 0, 608
109, 0, 640
109, 0, 672
109, 0, 704
109, 0, 736
1109, 0, 768
109, 32, 0
1009, 32, 288
1109, 32, 768
109, 64, 0
1009, 64, 288
1109, 64, 768
109, 96, 0
109, 96, 224
402, 96, 384
402, 96, 416
1009, 96, 480
402, 96, 544
402, 96, 576
1009, 96, 608
1109, 96, 768
109, 128, 0
109, 128, 224
402, 128, 384
402, 128, 416
3002, 128, 448
1009, 128, 480
402, 128, 544
402, 128, 576
1009, 128, 608
1109, 128, 768
109, 160, 0
109, 160, 224
402, 160, 384
402, 160, 416
1009, 160, 480
402, 160, 544
402, 160, 576
1009, 160, 608
1109, 160, 768
109, 192, 0
402, 192, 384
402, 192, 416
3202, 192, 448
1009, 192, 480
402, 192, 544
402, 192, 576
1009, 192, 608
1109, 192, 768
109, 224, 0
1009, 224, 192
1009, 224, 288
402, 224, 384
402, 224, 416
3002, 224, 448
1009, 224, 480
402, 224, 544
402, 224, 576
1009, 224, 608
1109, 224, 768
109, 256, 0
1009, 256, 192
1009, 256, 288
402, 256, 384
402, 256, 416
1009, 256, 480
402, 256, 544
402, 256, 576
1009, 256, 608
1109, 256, 768
109, 288, 0
1009, 288, 192
1009, 288, 288
402, 288, 384
402, 288, 416
1009, 288, 480
402, 288, 544
402, 288, 576
1009, 288, 608
1109, 288, 768
109, 320, 0
402, 320, 384
402, 320, 416
1009, 320, 480
402, 320, 544
402, 320, 576
1009, 320, 608
1109, 320, 768
109, 352, 0
2102, 352, 256
402, 352, 384
402, 352, 416
1009, 352, 480
402, 352, 544
402, 352, 576
1009, 352, 608
1109, 352, 768
109, 384, 0
402, 384, 160
402, 384, 192
2102, 384, 256
402, 384, 384
402, 384, 416
1009, 384, 480
402, 384, 544
402, 384, 576
1009, 384, 608
1109, 384, 768
109, 416, 0
402, 416, 160
402, 416, 192
2102, 416, 256
1009, 416, 480
1109, 416, 768
109, 448, 0
402, 448, 160
402, 448, 192
2102, 448, 256
402, 448, 384
402, 448, 416
3002, 448, 448
1009, 448, 480
1109, 448, 768
109, 480, 0
402, 480, 160
402, 480, 192
402, 480, 384
402, 480, 416
1009, 480, 480
1109, 480, 768
109, 512, 0
2103, 512, 96
402, 512, 160
402, 512, 192
402, 512, 384
402, 512, 416
3202, 512, 448
1009, 512, 480
1109, 512, 768
109, 544, 0
1009, 544, 128
402, 544, 160
402, 544, 192
402, 544, 384
402, 544, 416
1009, 544, 480
1109, 544, 768
109, 576, 0
1009, 576, 128
402, 576, 384
402, 576, 416
1009, 576, 480
402, 576, 512
1009, 576, 576
402, 576, 640
402, 576, 672
109, 576, 704
1109, 576, 768
109, 608, 0
3001, 608, 192
1009, 608, 224
402, 608, 384
402, 608, 416
3002, 608, 448
1009, 608, 480
402, 608, 512
3002, 608, 544
1009, 608, 576
402, 608, 640
402, 608, 672
109, 608, 704
1109, 608, 768
109, 640, 0
402, 640, 160
402, 640, 192
1009, 640, 224
402, 640, 384
402, 640, 416
1009, 640, 480
402, 640, 512
3202, 640, 544
1009, 640, 576
402, 640, 640
402, 640, 672
109, 640, 704
1109, 640, 768
109, 672, 0
402, 672, 160
402, 672, 192
1009, 672, 224
402, 672, 384
402, 672, 416
1009, 672, 480
402, 672, 512
1009, 672, 576
402, 672, 640
402, 672, 672
109, 672, 704
1109, 672, 768
109, 704, 0
402, 704, 160
402, 704, 192
1009, 704, 224
402, 704, 384
402, 704, 416
1009, 704, 480
402, 704, 512
1009, 704, 576
701, 704, 608
402, 704, 640
402, 704, 672
109, 704, 704
1109, 704, 768
109, 736, 0
701, 736, 128
701, 736, 160
1009, 736, 224
402, 736, 384
402, 736, 416
1009, 736, 480
402, 736, 512
1009, 736, 576
701, 736, 608
402, 736, 640
402, 736, 672
109, 736, 704
1109, 736, 768
109, 768, 0
402, 768, 160
402, 768, 192
1009, 768, 224
701, 768, 416
1009, 768, 480
402, 768, 512
3002, 768, 544
1009, 768, 576
701, 768, 608
402, 768, 640
402, 768, 672
109, 768, 704
1109, 768, 768
109, 800, 0
402, 800, 160
402, 800, 192
701, 800, 416
1009, 800, 480
402, 800, 512
1009, 800, 576
701, 800, 608
402, 800, 640
402, 800, 672
109, 800, 704
1109, 800, 768
109, 832, 0
402, 832, 160
402, 832, 192
402, 832, 512
1009, 832, 576
701, 832, 608
402, 832, 640
402, 832, 672
109, 832, 704
1109, 832, 768
109, 864, 0
402, 864, 512
1009, 864, 576
701, 864, 608
402, 864, 640
402, 864, 672
109, 864, 704
1109, 864, 768
109, 896, 0
109, 896, 32
109, 896, 64
109, 896, 96
109, 896, 128
109, 896, 160
109, 896, 192
109, 896, 224
109, 896, 256
109, 896, 288
109, 896, 320
1009, 896, 416
1009, 896, 672
1109, 896, 768
109, 928, 0
402, 928, 192
402, 928, 416
1009, 928, 672
1109, 928, 768
109, 960, 0
402, 960, 96
402, 960, 192
1009, 960, 224
402, 960, 288
402, 960, 416
1009, 960, 448
402, 960, 480
402, 960, 576
1009, 960, 672
1109, 960, 768
109, 992, 0
402, 992, 96
1009, 992, 160
402, 992, 192
402, 992, 288
1009, 992, 384
402, 992, 416
402, 992, 480
402, 992, 576
1009, 992, 640
1109, 992, 768
109, 1024, 0
402, 1024, 96
402, 1024, 192
1009, 1024, 256
402, 1024, 288
402, 1024, 416
402, 1024, 480
1009, 1024, 512
402, 1024, 576
402, 1024, 608
1009, 1024, 640
1109, 1024, 768
109, 1056, 0
402, 1056, 96
402, 1056, 192
402, 1056, 288
1009, 1056, 352
402, 1056, 416
402, 1056, 480
402, 1056, 576
402, 1056, 608
1009, 1056, 640
1109, 1056, 768
109, 1088, 0
402, 1088, 96
1009, 1088, 256
402, 1088, 288
1009, 1088, 448
402, 1088, 480
402, 1088, 576
402, 1088, 608
1009, 1088, 704
1109, 1088, 768
109, 1120, 0
1009, 1120, 448
1009, 1120, 480
402, 1120, 608
1009, 1120, 704
1109, 1120, 768
109, 1152, 0
109, 1152, 160
109, 1152, 192
109, 1152, 224
109, 1152, 256
109, 1152, 288
109, 1152, 320
109, 1152, 352
109, 1152, 384
109, 1152, 416
1009, 1152, 448
1009, 1152, 480
402, 1152, 608
1009, 1152, 704
1109, 1152, 768
109, 1184, 0
109, 1184, 32
109, 1184, 64
109, 1184, 96
109, 1184, 128
109, 1184, 160
109, 1184, 192
109, 1184, 224
109, 1184, 256
109, 1184, 288
109, 1184, 320
1009, 1184, 416
1009, 1184, 480
402, 1184, 640
1109, 1184, 768
109, 1216, 0
703, 1216, 384
1009, 1216, 416
402, 1216, 640
1009, 1216, 704
1109, 1216, 768
109, 1248, 0
1009, 1248, 224
1009, 1248, 416
701, 1248, 448
1009, 1248, 480
402, 1248, 608
402, 1248, 640
1009, 1248, 704
1109, 1248, 768
109, 1280, 0
1009, 1280, 224
1009, 1280, 384
402, 1280, 416
1009, 1280, 480
402, 1280, 608
402, 1280, 640
1009, 1280, 704
1109, 1280, 768
109, 1312, 0
1009, 1312, 224
1009, 1312, 384
402, 1312, 416
1009, 1312, 576
402, 1312, 608
402, 1312, 640
1109, 1312, 768
109, 1344, 0
1009, 1344, 384
402, 1344, 416
402, 1344, 448
1009, 1344, 512
1009, 1344, 576
402, 1344, 608
402, 1344, 640
1009, 1344, 704
1109, 1344, 768
109, 1376, 0
701, 1376, 288
1009, 1376, 320
1009, 1376, 352
402, 1376, 416
402, 1376, 448
1009, 1376, 512
1009, 1376, 576
402, 1376, 608
402, 1376, 640
1009, 1376, 704
1109, 1376, 768
109, 1408, 0
1009, 1408, 320
1009, 1408, 352
402, 1408, 416
402, 1408, 448
402, 1408, 608
402, 1408, 640
1009, 1408, 704
1109, 1408, 768
109, 1440, 0
701, 1440, 256
1009, 1440, 320
1009, 1440, 352
402, 1440, 416
402, 1440, 448
1009, 1440, 544
402, 1440, 608
402, 1440, 640
1109, 1440, 768
109, 1472, 0
701, 1472, 384
402, 1472, 416
402, 1472, 448
402, 1472, 480
1009, 1472, 544
402, 1472, 608
402, 1472, 640
1009, 1472, 704
1109, 1472, 768
109, 1504, 0
1009, 1504, 288
402, 1504, 416
402, 1504, 448
402, 1504, 480
402, 1504, 512
1009, 1504, 576
402, 1504, 608
1009, 1504, 704
1109, 1504, 768
109, 1536, 0
701, 1536, 224
1009, 1536, 288
701, 1536, 384
402, 1536, 416
402, 1536, 448
402, 1536, 480
402, 1536, 512
1009, 1536, 576
402, 1536, 608
1009, 1536, 704
1109, 1536, 768
109, 1568, 0
1009, 1568, 288
402, 1568, 416
402, 1568, 448
402, 1568, 480
402, 1568, 512
701, 1568, 544
1009, 1568, 608
1009, 1568, 672
1109, 1568, 768
109, 1600, 0
1009, 1600, 256
1009, 1600, 352
402, 1600, 448
402, 1600, 480
402, 1600, 512
1009, 1600, 608
1009, 1600, 672
1109, 1600, 768
109, 1632, 0
402, 1632, 64
1009, 1632, 192
1009, 1632, 256
701, 1632, 288
1009, 1632, 352
402, 1632, 448
402, 1632, 480
402, 1632, 512
1009, 1632, 640
1109, 1632, 768
109, 1664, 0
402, 1664, 64
402, 1664, 96
1009, 1664, 128
1009, 1664, 192
1009, 1664, 256
1009, 1664, 352
402, 1664, 480
402, 1664, 512
701, 1664, 544
1009, 1664, 640
1109, 1664, 768
109, 1696, 0
402, 1696, 64
402, 1696, 96
1009, 1696, 128
1009, 1696, 192
1009, 1696, 224
402, 1696, 480
402, 1696, 512
1009, 1696, 672
1109, 1696, 768
109, 1728, 0
402, 1728, 64
402, 1728, 96
1009, 1728, 128
1009, 1728, 224
402, 1728, 480
402, 1728, 512
1009, 1728, 672
1009, 1728, 704
1109, 1728, 768
109, 1760, 0
402, 1760, 64
402, 1760, 96
3001, 1760, 128
1009, 1760, 160
1009, 1760, 224
402, 1760, 480
402, 1760, 512
1009, 1760, 704
1109, 1760, 768
109, 1792, 0
402, 1792, 64
402, 1792, 96
1009, 1792, 160
402, 1792, 512
3201, 1792, 672
1009, 1792, 704
1109, 1792, 768
109, 1824, 0
402, 1824, 64
402, 1824, 96
1009, 1824, 160
1009, 1824, 704
1109, 1824, 768
109, 1856, 0
402, 1856, 64
402, 1856, 96
1009, 1856, 160
3201, 1856, 672
1009, 1856, 704
1109, 1856, 768
109, 1888, 0
402, 1888, 64
402, 1888, 96
402, 1888, 128
1009, 1888, 160
402, 1888, 608
402, 1888, 640
402, 1888, 672
1009, 1888, 704
1109, 1888, 768
109, 1920, 0
402, 1920, 64
402, 1920, 96
402, 1920, 128
1009, 1920, 160
402, 1920, 608
402, 1920, 640
402, 1920, 672
1009, 1920, 704
1109, 1920, 768
109, 1952, 0
402, 1952, 96
402, 1952, 128
402, 1952, 608
402, 1952, 640
3201, 1952, 672
1009, 1952, 704
1109, 1952, 768
109, 1984, 0
402, 1984, 128
402, 1984, 608
402, 1984, 640
402, 1984, 672
1009, 1984, 704
1109, 1984, 768
109, 2016, 0
402, 2016, 128
1009, 2016, 192
402, 2016, 608
402, 2016, 640
3201, 2016, 672
1009, 2016, 704
1109, 2016, 768
109, 2048, 0
402, 2048, 128
1009, 2048, 192
402, 2048, 640
402, 2048, 672
1009, 2048, 704
1109, 2048, 768
109, 2080, 0
402, 2080, 128
1009, 2080, 192
1009, 2080, 224
402, 2080, 640
402, 2080, 672
1009, 2080, 704
1109, 2080, 768
109, 2112, 0
402, 2112, 128
1009, 2112, 224
402, 2112, 608
402, 2112, 640
3201, 2112, 672
1009, 2112, 704
1109, 2112, 768
109, 2144, 0
402, 2144, 128
1009, 2144, 224
1009, 2144, 288
402, 2144, 608
402, 2144, 640
402, 2144, 672
1009, 2144, 704
1109, 2144, 768
109, 2176, 0
402, 2176, 128
1009, 2176, 288
701, 2176, 448
402, 2176, 608
402, 2176, 640
3201, 2176, 672
1009, 2176, 704
1109, 2176, 768
109, 2208, 0
701, 2208, 224
1009, 2208, 288
701, 2208, 448
701, 2208, 480
1009, 2208, 512
402, 2208, 608
1009, 2208, 704
1109, 2208, 768
109, 2240, 0
701, 2240, 224
701, 2240, 448
701, 2240, 480
1009, 2240, 512
402, 2240, 608
3201, 2240, 640
1009, 2240, 672
1009, 2240, 704
1109, 2240, 768
109, 2272, 0
701, 2272, 224
701, 2272, 256
701, 2272, 320
1009, 2272, 384
701, 2272, 480
1009, 2272, 512
1009, 2272, 672
1009, 2272, 704
1109, 2272, 768
109, 2304, 0
701, 2304, 256
701, 2304, 320
1009, 2304, 384
1205, 2304, 576
1009, 2304, 640
1009, 2304, 672
1109, 2304, 768
109, 2336, 0
701, 2336, 256
701, 2336, 320
1009, 2336, 384
1009, 2336, 640
1009, 2336, 672
1109, 2336, 768
109, 2368, 0
109, 2368, 32
109, 2368, 64
109, 2368, 96
109, 2368, 128
109, 2368, 160
109, 2368, 192
109, 2368, 224
109, 2368, 256
109, 2368, 288
109, 2368, 320
109, 2368, 352
109, 2368, 384
109, 2368, 416
109, 2368, 448
109, 2368, 480
109, 2368, 512
109, 2368, 544
109, 2368, 576
109, 2368, 608
109, 2368, 640
109, 2368, 672
109, 2368, 704
109, 2368, 736
1109, 2368, 768
