1, 64, 128
109, 0, 0
109, 0, 32
109, 0, 64
109, 0, 96
109, 0, 128
109, 0, 160
109, 0, 192
109, 0, 224
109, 0, 256
109, 0, 288
109, 0, 320
109, 0, 352
109, 0, 384
109, 0, 416
109, 0, 448
109, 0, 480
109, 0, 512
109, 0, 544
109, 0, 576
109, 0, 608
109, 0, 640
109, 0, 672
109, 0, 704
109, 0, 736
1109, 0, 768
109, 32, 0
1009, 32, 160
402, 32, 416
402, 32, 480
402, 32, 512
1009, 32, 544
1109, 32, 768
109, 64, 0
1009, 64, 160
701, 64, 288
402, 64, 416
1009, 64, 448
402, 64, 480
402, 64, 512
1009, 64, 544
1109, 64, 768
109, 96, 0
1009, 96, 160
701, 96, 288
402, 96, 416
1009, 96, 448
402, 96, 480
402, 96, 512
1009, 96, 544
1009, 96, 704
1109, 96, 768
109, 128, 0
402, 128, 64
402, 128, 96
1009, 128, 160
402, 128, 288
402, 128, 320
1009, 128, 384
402, 128, 416
1009, 128, 448
402, 128, 480
402, 128, 512
1009, 128, 640
1009, 128, 704
1109, 128, 768
109, 160, 0
402, 160, 64
402, 160, 96
1009, 160, 160
402, 160, 288
402, 160, 320
1009, 160, 384
1009, 160, 640
1009, 160, 704
1109, 160, 768
109, 192, 0
402, 192, 64
402, 192, 96
1009, 192, 160
402, 192, 288
402, 192, 320
1009, 192, 384
1009, 192, 576
1009, 192, 640
1009, 192, 704
1109, 192, 768
109, 224, 0
402, 224, 64
402, 224, 96
3003, 224, 128
1009, 224, 160
402, 224, 288
402, 224, 320
1009, 224, 384
1009, 224, 576
1009, 224, 704
1109, 224, 768
109, 256, 0
402, 256, 64
402, 256, 96
1009, 256, 160
1009, 256, 384
402, 256, 448
402, 256, 480
1009, 256, 512
1009, 256, 576
1009, 256, 672
1009, 256, 704
1109, 256, 768
109, 288, 0
402, 288, 64
402, 288, 96
1009, 288, 160
1009, 288, 352
1009, 288, 384
402, 288, 448
402, 288, 480
1009, 288, 512
1009, 288, 672
1009, 288, 704
1109, 288, 768
109, 320, 0
1009, 320, 160
1009, 320, 352
402, 320, 448
402, 320, 480
1009, 320, 512
1009, 320, 672
1009, 320, 704
1109, 320, 768
109, 352, 0
1009, 352, 160
1009, 352, 352
402, 352, 448
402, 352, 480
1009, 352, 512
3002, 352, 672
1009, 352, 704
1109, 352, 768
109, 384, 0
1009, 384, 160
1009, 384, 352
1009, 384, 512
1009, 384, 704
1109, 384, 768
109, 416, 0
1009, 416, 160
1009, 416, 352
1009, 416, 512
1009, 416, 704
1109, 416, 768
109, 448, 0
1009, 448, 160
402, 448, 192
402, 448, 224
1009, 448, 288
1009, 448, 352
3001, 448, 576
1009, 448, 608
1009, 448, 704
1109, 448, 768
109, 480, 0
1009, 480, 160
402, 480, 192
402, 480, 224
1009, 480, 288
1009, 480, 608
701, 480, 672
1009, 480, 704
1109, 480, 768
109, 512, 0
1009, 512, 160
402, 512, 192
402, 512, 224
1009, 512, 288
402, 512, 480
402, 512, 512
402, 512, 544
1009, 512, 608
701, 512, 672
1009, 512, 704
1109, 512, 768
109, 544, 0
1009, 544, 160
402, 544, 192
402, 544, 224
1009, 544, 288
402, 544, 480
402, 544, 512
402, 544, 544
1009, 544, 608
1009, 544, 704
1109, 544, 768
109, 576, 0
1009, 576, 160
1009, 576, 288
402, 576, 480
402, 576, 512
402, 576, 544
3002, 576, 576
1009, 576, 608
1009, 576, 704
1109, 576, 768
109, 608, 0
1009, 608, 160
1009, 608, 288
402, 608, 480
402, 608, 512
402, 608, 544
1009, 608, 608
3001, 608, 672
1009, 608, 704
1109, 608, 768
109, 640, 0
1009, 640, 160
1009, 640, 224
402, 640, 480
402, 640, 512
402, 640, 544
1009, 640, 608
1009, 640, 704
1109, 640, 768
109, 672, 0
402, 672, 160
402, 672, 192
1009, 672, 224
402, 672, 480
402, 672, 512
402, 672, 544
1009, 672, 608
701, 672, 672
1009, 672, 704
1109, 672, 768
109, 704, 0
402, 704, 160
402, 704, 192
1009, 704, 224
402, 704, 480
402, 704, 512
402, 704, 544
3002, 704, 576
1009, 704, 608
701, 704, 672
1009, 704, 704
1109, 704, 768
109, 736, 0
402, 736, 160
402, 736, 192
1009, 736, 224
402, 736, 480
402, 736, 512
402, 736, 544
1009, 736, 608
1109, 736, 768
109, 768, 0
402, 768, 160
402, 768, 192
1009, 768, 224
402, 768, 480
402, 768, 512
402, 768, 544
1009, 768, 608
1109, 768, 768
109, 800, 0
1009, 800, 224
402, 800, 480
402, 800, 512
402, 800, 544
1009, 800, 608
1109, 800, 768
109, 832, 0
1009, 832, 160
701, 832, 480
1009, 832, 608
1109, 832, 768
109, 864, 0
701, 864, 64
701, 864, 96
1009, 864, 160
701, 864, 480
1009, 864, 608
1109, 864, 768
109, 896, 0
1009, 896, 160
701, 896, 480
1009, 896, 608
1109, 896, 768
109, 928, 0
1009, 928, 96
402, 928, 352
1009, 928, 384
1009, 928, 608
1109, 928, 768
109, 960, 0
701, 960, 32
1009, 960, 96
402, 960, 352
1009, 960, 384
1009, 960, 544
1009, 960, 608
1009, 960, 672
1109, 960, 768
109, 992, 0
1009, 992, 96
1009, 992, 320
402, 992, 352
1009, 992, 384
402, 992, 480
402, 992, 512
1009, 992, 544
1009, 992, 608
1009, 992, 672
1109, 992, 768
109, 1024, 0
1009, 1024, 320
402, 1024, 352
1009, 1024, 448
402, 1024, 480
402, 1024, 512
1009, 1024, 544
1009, 1024, 672
1109, 1024, 768
109, 1056, 0
1009, 1056, 288
1009, 1056, 320
1009, 1056, 448
402, 1056, 480
402, 1056, 512
1009, 1056, 640
1109, 1056, 768
109, 1088, 0
703, 1088, 256
1009, 1088, 288
402, 1088, 384
402, 1088, 416
1009, 1088, 448
402, 1088, 480
402, 1088, 512
1009, 1088, 544
1009, 1088, 640
1109, 1088, 768
109, 1120, 0
1009, 1120, 288
402, 1120, 384
402, 1120, 416
1009, 1120, 544
1009, 1120, 640
1109, 1120, 768
109, 1152, 0
402, 1152, 384
402, 1152, 416
1009, 1152, 480
1009, 1152, 544
1009, 1152, 608
1109, 1152, 768
109, 1184, 0
402, 1184, 160
402, 1184, 192
1009, 1184, 224
1009, 1184, 352
402, 1184, 384
402, 1184, 416
1009, 1184, 480
1009, 1184, 608
1109, 1184, 768
109, 1216, 0
402, 1216, 160
402, 1216, 192
1009, 1216, 224
1009, 1216, 352
1009, 1216, 480
402, 1216, 544
402, 1216, 576
1009, 1216, 608
1109, 1216, 768
109, 1248, 0
402, 1248, 160
402, 1248, 192
1009, 1248, 224
402, 1248, 288
1009, 1248, 352
402, 1248, 544
402, 1248, 576
1009, 1248, 608
1109, 1248, 768
109, 1280, 0
402, 1280, 160
402, 1280, 192
402, 1280, 288
1009, 1280, 320
402, 1280, 544
402, 1280, 576
1009, 1280, 608
1109, 1280, 768
109, 1312, 0
402, 1312, 288
1009, 1312, 320
402, 1312, 544
402, 1312, 576
1009, 1312, 608
1109, 1312, 768
109, 1344, 0
402, 1344, 288
1009, 1344, 320
3002, 1344, 640
1009, 1344, 672
1109, 1344, 768
109, 1376, 0
2003, 1376, 128
1009, 1376, 672
1109, 1376, 768
109, 1408, 0
2003, 1408, 128
402, 1408, 576
402, 1408, 608
1009, 1408, 672
1109, 1408, 768
109, 1440, 0
2003, 1440, 128
402, 1440, 576
402, 1440, 608
1009, 1440, 672
1109, 1440, 768
109, 1472, 0
2003, 1472, 128
402, 1472, 576
402, 1472, 608
1009, 1472, 672
1109, 1472, 768
109, 1504, 0
2003, 1504, 128
402, 1504, 576
402, 1504, 608
3002, 1504, 640
1009, 1504, 672
1109, 1504, 768
109, 1536, 0
1009, 1536, 192
402, 1536, 576
402, 1536, 608
1009, 1536, 672
1109, 1536, 768
109, 1568, 0
1009, 1568, 192
1009, 1568, 480
402, 1568, 576
402, 1568, 608
1009, 1568, 672
1109, 1568, 768
109, 1600, 0
402, 1600, 128
402, 1600, 160
1009, 1600, 192
1009, 1600, 480
402, 1600, 576
402, 1600, 608
701, 1600, 640
1009, 1600, 672
1109, 1600, 768
109, 1632, 0
402, 1632, 128
402, 1632, 160
1009, 1632, 192
1009, 1632, 480
402, 1632, 576
402, 1632, 608
701, 1632, 640
1009, 1632, 672
1109, 1632, 768
109, 1664, 0
402, 1664, 128
402, 1664, 160
1009, 1664, 192
1009, 1664, 320
1009, 1664, 448
1009, 1664, 480
402, 1664, 576
402, 1664, 608
1009, 1664, 672
1109, 1664, 768
109, 1696, 0
402, 1696, 128
402, 1696, 160
1009, 1696, 192
1009, 1696, 320
1009, 1696, 448
1009, 1696, 480
402, 1696, 576
402, 1696, 608
3002, 1696, 640
1009, 1696, 672
1109, 1696, 768
109, 1728, 0
402, 1728, 160
402, 1728, 192
1009, 1728, 224
1009, 1728, 288
1009, 1728, 352
1009, 1728, 416
1009, 1728, 480
402, 1728, 576
402, 1728, 608
1009, 1728, 672
1109, 1728, 768
109, 1760, 0
402, 1760, 160
402, 1760, 192
1009, 1760, 224
1009, 1760, 288
1009, 1760, 352
1009, 1760, 416
1009, 1760, 480
402, 1760, 576
402, 1760, 608
1009, 1760, 672
1109, 1760, 768
109, 1792, 0
402, 1792, 160
402, 1792, 192
1009, 1792, 256
1009, 1792, 384
1009, 1792, 480
402, 1792, 576
402, 1792, 608
1009, 1792, 672
1109, 1792, 768
109, 1824, 0
402, 1824, 160
402, 1824, 192
1009, 1824, 256
1009, 1824, 384
1009, 1824, 480
402, 1824, 576
402, 1824, 608
1009, 1824, 672
1109, 1824, 768
109, 1856, 0
701, 1856, 320
701, 1856, 352
1009, 1856, 480
1009, 1856, 544
402, 1856, 576
402, 1856, 608
1009, 1856, 672
1109, 1856, 768
109, 1888, 0
701, 1888, 320
701, 1888, 352
1009, 1888, 544
402, 1888, 576
402, 1888, 608
1009, 1888, 672
1109, 1888, 768
109, 1920, 0
402, 1920, 480
402, 1920, 512
1009, 1920, 544
1009, 1920, 672
1109, 1920, 768
109, 1952, 0
402, 1952, 480
402, 1952, 512
1009, 1952, 544
1009, 1952, 672
1109, 1952, 768
109, 1984, 0
402, 1984, 480
402, 1984, 512
1009, 1984, 544
1109, 1984, 768
109, 2016, 0
402, 2016, 256
402, 2016, 288
1009, 2016, 320
402, 2016, 480
402, 2016, 512
1009, 2016, 544
1009, 2016, 576
1109, 2016, 768
109, 2048, 0
402, 2048, 256
402, 2048, 288
1009, 2048, 320
402, 2048, 480
402, 2048, 512
1009, 2048, 544
1009, 2048, 576
1009, 2048, 672
1109, 2048, 768
109, 2080, 0
402, 2080, 256
402, 2080, 288
1009, 2080, 320
402, 2080, 480
402, 2080, 512
1009, 2080, 544
1009, 2080, 576
1109, 2080, 768
109, 2112, 0
402, 2112, 256
402, 2112, 288
1009, 2112, 320
402, 2112, 480
402, 2112, 512
1009, 2112, 544
1009, 2112, 576
1109, 2112, 768
109, 2144, 0
402, 2144, 256
1009, 2144, 320
402, 2144, 480
402, 2144, 512
1009, 2144, 544
1009, 2144, 576
1109, 2144, 768
109, 2176, 0
402, 2176, 256
1009, 2176, 320
402, 2176, 544
1009, 2176, 576
1109, 2176, 768
109, 2208, 0
402, 2208, 256
1009, 2208, 320
1009, 2208, 384
701, 2208, 416
1009, 2208, 448
1009, 2208, 512
402, 2208, 544
1009, 2208, 576
1109, 2208, 768
109, 2240, 0
402, 2240, 256
1205, 2240, 288
1009, 2240, 320
1009, 2240, 384
701, 2240, 416
1009, 2240, 448
1009, 2240, 512
402, 2240, 544
1009, 2240, 576
1109, 2240, 768
109, 2272, 0
1009, 2272, 320
402, 2272, 544
1109, 2272, 768
109, 2304, 0
701, 2304, 256
1009, 2304, 352
1009, 2304, 416
1009, 2304, 480
1009, 2304, 544
1109, 2304, 768
109, 2336, 0
701, 2336, 256
1009, 2336, 352
1009, 2336, 416
1009, 2336, 480
1009, 2336, 544
1109, 2336, 768
109, 2368, 0
109, 2368, 32
109, 2368, 64
109, 2368, 96
109, 2368, 128
109, 2368, 160
109, 2368, 192
109, 2368, 224
109, 2368, 256
109, 2368, 288
109, 2368, 320
109, 2368, 352
109, 2368, 384
109, 2368, 416
109, 2368, 448
109, 2368, 480
109, 2368, 512
109, 2368, 544
109, 2368, 576
109, 2368, 608
109, 2368, 640
109, 2368, 672
109, 2368, 704
109, 2368, 736
1109, 2368, 768
